source_street,target_street,distance
0,1,30.878
1,0,30.878
0,2,27.447000000000003
2,0,27.447000000000003
0,4,37.488
4,0,37.488
0,3,25.187
3,0,25.187
1,2,23.307000000000002
2,1,23.307000000000002
1,4,33.348
4,1,33.348
1,5,16.807
5,1,16.807
2,7704,22.741
7704,2,22.741
2,4,29.917
4,2,29.917
3,4194,19.207
4194,3,19.207
4,5538,23.421
5538,4,23.421
5,6892,6.876
6892,5,6.876
6,7,27.921
7,6,27.921
6,10,40.478
10,6,40.478
6,8,9.114
8,6,9.114
7,10,55.069
10,7,55.069
7,9,30.547
9,7,30.547
8,8003,97.301
8003,8,97.301
9,7781,26.886
7781,9,26.886
10,6881,43.996
6881,10,43.996
11,13,8.867
13,11,8.867
11,12,47.701
12,11,47.701
12,6469,110.821
6469,12,110.821
13,6472,6.795
6472,13,6.795
14,15,45.798
15,14,45.798
14,17,54.45
17,14,54.45
14,16,49.286
16,14,49.286
15,6475,10.522
6475,15,10.522
15,17,26.342
17,15,26.342
16,60,36.649
60,16,36.649
16,62,20.21
62,16,20.21
17,18,27.299
18,17,27.299
18,19,17.185
19,18,17.185
18,20,30.095
20,18,30.095
19,8065,8.328
8065,19,8.328
19,20,27.676
20,19,27.676
20,4558,36.251999999999995
4558,20,36.251999999999995
21,22,15.762
22,21,15.762
21,25,15.14
25,21,15.14
21,23,11.055
23,21,11.055
22,25,22.244
25,22,22.244
22,24,15.358
24,22,15.358
23,4207,12.399000000000001
4207,23,12.399000000000001
24,7932,14.997
7932,24,14.997
25,7936,12.45
7936,25,12.45
26,27,38.583
27,26,38.583
26,7610,23.842
7610,26,23.842
26,7611,16.418
7611,26,16.418
27,7610,36.409
7610,27,36.409
28,29,21.21
29,28,21.21
28,31,36.858000000000004
31,28,36.858000000000004
28,30,35.566
30,28,35.566
29,7325,15.207
7325,29,15.207
29,31,37.754000000000005
31,29,37.754000000000005
30,5622,86.976
5622,30,86.976
31,32,30.711
32,31,30.711
31,4715,53.988925915637836
4715,31,53.988925915637836
32,4715,31.297925915637833
4715,32,31.297925915637833
32,7320,7.24
7320,32,7.24
33,35,74.113
35,33,74.113
33,37,42.576
37,33,42.576
33,34,48.84224706456137
34,33,48.84224706456137
34,38,13.949247064561366
38,34,13.949247064561366
35,7287,42.748999999999995
7287,35,42.748999999999995
35,37,40.842999999999996
37,35,40.842999999999996
36,37,10.135
37,36,10.135
36,5720,9.334
5720,36,9.334
36,5719,10.372
5719,36,10.372
37,5720,8.504999999999999
5720,37,8.504999999999999
38,5724,6.4
5724,38,6.4
39,40,55.669999999999995
40,39,55.669999999999995
39,43,34.775
43,39,34.775
39,41,8.927999999999999
41,39,8.927999999999999
40,43,76.101
43,40,76.101
40,42,55.528999999999996
42,40,55.528999999999996
41,84,131.496
84,41,131.496
42,49,13.82
49,42,13.82
43,4294,53.161
4294,43,53.161
44,45,15.293
45,44,15.293
44,47,13.498000000000001
47,44,13.498000000000001
44,49,13.629
49,44,13.629
44,46,11.169
46,44,11.169
45,47,15.111
47,45,15.111
45,49,15.241999999999999
49,45,15.241999999999999
45,48,41.709999999999994
48,45,41.709999999999994
46,7326,18.608999999999998
7326,46,18.608999999999998
47,2594,9.434000000000001
2594,47,9.434000000000001
47,49,13.447
49,47,13.447
48,55,51.831999999999994
55,48,51.831999999999994
50,51,13.407
51,50,13.407
50,53,14.7
53,50,14.7
50,55,26.997
55,50,26.997
50,52,9.726
52,50,9.726
51,53,11.263
53,51,11.263
51,55,23.56
55,51,23.56
51,54,10.026
54,51,10.026
52,6481,25.394
6481,52,25.394
53,2596,9.751
2596,53,9.751
53,55,24.852999999999998
55,53,24.852999999999998
54,7327,5.534000000000001
7327,54,5.534000000000001
56,57,19.272
57,56,19.272
56,59,26.466
59,56,26.466
56,58,15.27
58,56,15.27
57,7330,9.865
7330,57,9.865
57,59,22.58
59,57,22.58
58,7603,7.935
7603,58,7.935
59,7436,15.886000000000001
7436,59,15.886000000000001
60,62,32.193
62,60,32.193
60,61,40.598
61,60,40.598
61,6482,18.566
6482,61,18.566
62,7334,8.798
7334,62,8.798
63,64,26.570999999999998
64,63,26.570999999999998
63,66,21.13
66,63,21.13
63,65,25.061999999999998
65,63,25.061999999999998
64,66,9.011
66,64,9.011
64,67,9.786
67,64,9.786
65,7158,19.878
7158,65,19.878
66,7328,22.521
7328,66,22.521
67,7159,30.828999999999997
7159,67,30.828999999999997
68,69,32.083787557903925
69,68,32.083787557903925
68,71,43.084742185268446
71,68,43.084742185268446
68,70,35.21878755790392
70,68,35.21878755790392
69,71,26.542954627364523
71,69,26.542954627364523
69,72,8.982
72,69,8.982
70,6339,21.387
6339,70,21.387
71,7158,32.93295462736452
7158,71,32.93295462736452
72,76,65.847
76,72,65.847
73,74,57.2
74,73,57.2
73,76,116.14699999999999
76,73,116.14699999999999
73,78,56.939
78,73,56.939
73,75,69.89500000000001
75,73,69.89500000000001
74,76,70.32499999999999
76,74,70.32499999999999
74,78,11.117
78,74,11.117
74,77,73.106
77,74,73.106
75,79,95.437
79,75,95.437
75,80,36.806
80,75,36.806
75,81,25.014
81,75,25.014
76,78,70.064
78,76,70.064
77,87,70.318
87,77,70.318
77,89,104.428
89,77,104.428
78,6480,6.952
6480,78,6.952
79,80,95.475
80,79,95.475
79,81,83.68299999999999
81,79,83.68299999999999
80,81,25.052
81,80,25.052
80,82,27.614
82,80,27.614
81,8007,102.261
8007,81,102.261
82,5026,37.021
5026,82,37.021
83,84,138.29600000000002
84,83,138.29600000000002
83,86,14.460999999999999
86,83,14.460999999999999
83,85,21.683999999999997
85,83,21.683999999999997
84,86,135.645
86,84,135.645
85,2590,18.6
2590,85,18.6
86,5026,33.734
5026,86,33.734
87,89,39.912000000000006
89,87,39.912000000000006
87,88,9.99
88,87,9.99
88,7025,13.708
7025,88,13.708
89,95,66.166
95,89,66.166
90,91,17.668
91,90,17.668
90,92,17.456
92,90,17.456
90,93,18.588
93,90,18.588
90,94,9.588999999999999
94,90,9.588999999999999
91,92,18.134
92,91,18.134
91,93,19.266
93,91,19.266
91,95,38.328
95,91,38.328
92,93,19.054000000000002
93,92,19.054000000000002
92,96,18.147
96,92,18.147
93,6338,16.97
6338,93,16.97
94,6340,9.889
6340,94,9.889
96,5545,25.673
5545,96,25.673
97,98,24.775
98,97,24.775
97,100,23.769
100,97,23.769
97,102,19.594
102,97,19.594
97,99,15.892
99,97,15.892
98,100,26.432
100,98,26.432
98,102,22.256999999999998
102,98,22.256999999999998
98,101,16.514
101,98,16.514
99,4547,8.596
4547,99,8.596
100,5273,17.833
5273,100,17.833
100,102,21.250999999999998
102,100,21.250999999999998
101,4952,21.809583475414044
4952,101,21.809583475414044
102,5274,14.324
5274,102,14.324
103,104,20.601
104,103,20.601
103,107,20.326999999999998
107,103,20.326999999999998
103,108,22.65
108,103,22.65
103,105,15.653
105,103,15.653
104,107,18.75
107,104,18.75
104,108,21.073
108,104,21.073
104,106,11.461
106,104,11.461
105,6460,11.417
6460,105,11.417
106,4544,6.571
4544,106,6.571
107,6514,14.478
6514,107,14.478
107,108,20.799
108,107,20.799
108,7858,13.0
7858,108,13.0
109,110,23.509
110,109,23.509
109,112,19.66
112,109,19.66
109,111,10.219999999999999
111,109,10.219999999999999
110,6891,19.346
6891,110,19.346
110,112,25.295
112,110,25.295
111,7707,9.131
7707,111,9.131
112,5629,15.283000000000001
5629,112,15.283000000000001
113,114,16.658
114,113,16.658
113,117,13.607
117,113,13.607
113,115,11.036
115,113,11.036
114,117,11.327
117,114,11.327
114,116,12.858
116,114,12.858
115,7590,30.217
7590,115,30.217
116,5884,37.358
5884,116,37.358
117,5885,10.263
5885,117,10.263
118,119,16.462
119,118,16.462
118,120,17.666
120,118,17.666
118,122,23.189
122,118,23.189
118,121,23.116
121,118,23.116
119,120,16.796
120,119,16.796
119,122,22.319
122,119,22.319
119,123,19.816498441602523
123,119,19.816498441602523
120,122,23.523
122,120,23.523
120,124,13.212
124,120,13.212
121,7613,43.05309067339711
7613,121,43.05309067339711
122,5515,36.52711798363424
5515,122,36.52711798363424
123,5304,31.42549844160252
5304,123,31.42549844160252
124,7406,8.277999999999999
7406,124,8.277999999999999
125,127,63.027
127,125,63.027
125,128,65.139
128,125,65.139
125,126,72.324
126,125,72.324
126,4944,39.578
4944,126,39.578
127,5512,18.969
5512,127,18.969
127,128,16.36
128,127,16.36
128,7404,79.436
7404,128,79.436
129,131,20.162
131,129,20.162
129,130,12.312999999999999
130,129,12.312999999999999
130,7544,9.514
7544,130,9.514
131,4952,32.02358347541404
4952,131,32.02358347541404
132,133,34.314
133,132,34.314
132,135,32.516
135,132,32.516
132,134,53.566
134,132,53.566
133,135,20.634
135,133,20.634
133,136,53.653
136,133,53.653
134,137,48.228
137,134,48.228
134,138,39.753
138,134,39.753
135,7543,37.306
7543,135,37.306
136,2176,110.884
2176,136,110.884
136,2177,64.322
2177,136,64.322
137,138,27.045
138,137,27.045
137,139,28.909
139,137,28.909
137,2180,25.252000000000002
2180,137,25.252000000000002
138,140,12.394
140,138,12.394
139,2180,18.641
2180,139,18.641
139,2179,43.3934279561941
2179,139,43.3934279561941
140,5882,6.146
5882,140,6.146
141,143,59.145
143,141,59.145
141,142,62.211
142,141,62.211
142,147,13.975999999999999
147,142,13.975999999999999
143,5819,17.597
5819,143,17.597
144,145,7.51
145,144,7.51
144,146,8.725999999999999
146,144,8.725999999999999
144,147,7.779
147,144,7.779
144,148,10.082
148,144,10.082
145,146,8.592
146,145,8.592
145,147,7.645
147,145,7.645
145,149,60.165
149,145,60.165
146,6086,47.349999999999994
6086,146,47.349999999999994
146,147,8.861
147,146,8.861
148,5705,58.056
5705,148,58.056
149,7564,72.89856528312555
7564,149,72.89856528312555
150,151,33.97
151,150,33.97
150,153,24.077
153,150,24.077
150,152,43.06
152,150,43.06
151,153,15.393
153,151,15.393
151,154,14.676
154,151,14.676
153,155,73.45300251818658
155,153,73.45300251818658
154,5866,71.737
5866,154,71.737
156,157,11.99
157,156,11.99
156,160,11.796
160,156,11.796
156,158,52.9546885235116
158,156,52.9546885235116
157,160,13.562000000000001
160,157,13.562000000000001
157,159,10.869
159,157,10.869
158,7634,55.6346885235116
7634,158,55.6346885235116
159,161,7.558
161,159,7.558
160,8228,14.609
8228,160,14.609
161,162,7.303000000000001
162,161,7.303000000000001
162,5701,7.901
5701,162,7.901
163,164,29.06
164,163,29.06
163,165,73.373
165,163,73.373
163,167,15.144
167,163,15.144
163,166,34.231208709550444
166,163,34.231208709550444
164,165,88.235
165,164,88.235
164,167,30.006
167,164,30.006
164,168,38.334999999999994
168,164,38.334999999999994
165,174,115.816
174,165,115.816
165,167,74.319
167,165,74.319
166,7632,36.54123974594563
7632,166,36.54123974594563
167,7631,9.731
7631,167,9.731
168,169,113.96199999999999
169,168,113.96199999999999
168,170,24.397
170,168,24.397
169,170,105.61099999999999
170,169,105.61099999999999
169,177,129.781
177,169,129.781
170,171,22.079
171,170,22.079
171,4009,32.09375708868713
4009,171,32.09375708868713
172,173,24.883
173,172,24.883
172,176,58.327999999999996
176,172,58.327999999999996
172,174,64.399
174,172,64.399
173,176,53.497
176,173,53.497
173,175,19.176000000000002
175,173,19.176000000000002
175,177,41.342999999999996
177,175,41.342999999999996
176,5702,48.72
5702,176,48.72
178,179,39.476
179,178,39.476
178,180,17.072000000000003
180,178,17.072000000000003
178,181,45.83671969899666
181,178,45.83671969899666
179,7857,57.23659578099991
7857,179,57.23659578099991
179,180,33.852000000000004
180,179,33.852000000000004
180,7563,11.238
7563,180,11.238
181,5813,39.01371969899666
5813,181,39.01371969899666
182,183,85.80699999999999
183,182,85.80699999999999
182,187,114.793
187,182,114.793
182,184,102.33659342089243
184,182,102.33659342089243
182,185,85.151
185,182,85.151
182,195,88.973
195,182,88.973
183,187,68.036
187,183,68.036
183,186,40.694
186,183,40.694
184,185,54.92359342089243
185,184,54.92359342089243
184,195,58.74559342089243
195,184,58.74559342089243
184,193,40.70959342089243
193,184,40.70959342089243
185,195,41.56
195,185,41.56
185,194,27.881999999999998
194,185,27.881999999999998
186,4469,63.676
4469,186,63.676
187,5710,68.285
5710,187,68.285
188,189,19.865000000000002
189,188,19.865000000000002
188,192,19.329
192,188,19.329
188,190,60.55410990027615
190,188,60.55410990027615
189,192,16.232
192,189,16.232
189,191,25.105563898544894
191,189,25.105563898544894
190,5380,55.63110990027615
5380,190,55.63110990027615
191,5372,27.259563898544894
5372,191,27.259563898544894
192,194,16.861
194,192,16.861
193,196,88.391
196,193,88.391
195,8226,29.895
8226,195,29.895
196,7571,88.2
7571,196,88.2
197,198,19.156
198,197,19.156
197,200,47.357260277999316
200,197,47.357260277999316
197,199,24.350121085308242
199,197,24.350121085308242
198,7570,11.713
7570,198,11.713
198,200,46.78526027799932
200,198,46.78526027799932
199,7472,28.732121085308243
7472,199,28.732121085308243
200,5814,43.06726027799932
5814,200,43.06726027799932
201,202,50.80143749707554
202,201,50.80143749707554
201,204,90.12122478488533
204,201,90.12122478488533
201,206,58.944224784885336
206,201,58.944224784885336
201,203,90.70822478488533
203,201,90.70822478488533
202,204,66.7682127121902
204,202,66.7682127121902
202,206,35.59121271219021
206,202,35.59121271219021
202,205,37.88051568604054
205,202,37.88051568604054
203,267,79.545
267,203,79.545
204,5706,57.345
5706,204,57.345
204,206,74.911
206,204,74.911
205,8227,38.09823993429441
8227,205,38.09823993429441
206,4095,32.384
4095,206,32.384
207,208,52.99945419789197
208,207,52.99945419789197
207,211,42.70445419789198
211,207,42.70445419789198
207,212,36.33545419789197
212,207,36.33545419789197
207,209,51.39845419789197
209,207,51.39845419789197
208,211,48.065
211,208,48.065
208,212,41.696
212,208,41.696
208,210,65.83307178711885
210,208,65.83307178711885
209,213,39.942
213,209,39.942
210,7961,71.16547811340229
7961,210,71.16547811340229
211,246,25.518
246,211,25.518
211,212,31.401000000000003
212,211,31.401000000000003
212,4009,30.553757088687128
4009,212,30.553757088687128
213,214,30.968
214,213,30.968
214,4012,36.022999999999996
4012,214,36.022999999999996
215,216,36.917
216,215,36.917
215,217,38.866
217,215,38.866
215,219,32.518
219,215,32.518
215,218,24.972
218,215,24.972
216,217,39.921
217,216,39.921
216,219,33.573
219,216,33.573
216,220,28.775
220,216,28.775
217,5699,41.87
5699,217,41.87
217,219,35.522
219,217,35.522
218,3928,19.820999999999998
3928,218,19.820999999999998
219,4011,47.535
4011,219,47.535
220,4094,18.979
4094,220,18.979
221,223,20.084
223,221,20.084
221,222,24.891
222,221,24.891
222,224,33.39290982963659
224,222,33.39290982963659
222,225,31.04
225,222,31.04
223,5700,15.824
5700,223,15.824
224,225,39.62090982963659
225,224,39.62090982963659
224,226,28.500909829636587
226,224,28.500909829636587
225,227,34.244
227,225,34.244
226,6020,15.288
6020,226,15.288
227,3925,29.756
3925,227,29.756
228,229,27.106
229,228,27.106
228,231,22.458
231,228,22.458
228,234,17.211
234,228,17.211
228,230,15.387
230,228,15.387
229,231,24.464
231,229,24.464
229,234,19.217
234,229,19.217
229,232,37.708
232,229,37.708
229,233,27.36
233,229,27.36
229,5681,22.554
5681,229,22.554
230,4866,19.057
4866,230,19.057
231,6022,13.594999999999999
6022,231,13.594999999999999
231,234,14.568999999999999
234,231,14.568999999999999
232,233,35.956
233,232,35.956
232,5681,31.150000000000002
5681,232,31.150000000000002
232,5405,39.487
5405,232,39.487
233,5681,20.802
5681,233,20.802
233,5682,18.951999999999998
5682,233,18.951999999999998
234,7977,18.459
7977,234,18.459
235,238,7.412000000000001
238,235,7.412000000000001
235,236,10.0
236,235,10.0
235,237,27.274216096732214
237,235,27.274216096732214
236,237,32.92621609673221
237,236,32.92621609673221
236,7958,11.294
7958,236,11.294
237,7553,46.15121609673221
7553,237,46.15121609673221
238,7960,12.874
7960,238,12.874
238,7961,39.75040632628344
7961,238,39.75040632628344
239,240,25.806
240,239,25.806
239,241,28.555
241,239,28.555
239,245,16.909
245,239,16.909
239,242,73.16323610936394
242,239,73.16323610936394
240,241,29.575
241,240,29.575
240,245,17.929000000000002
245,240,17.929000000000002
240,243,18.206
243,240,18.206
240,244,17.34
244,240,17.34
241,5183,20.935
5183,241,20.935
241,245,20.677999999999997
245,241,20.677999999999997
242,5320,85.55123610936393
5320,242,85.55123610936393
243,244,8.72
244,243,8.72
243,5775,8.806000000000001
5775,243,8.806000000000001
244,5774,7.627000000000001
5774,244,7.627000000000001
245,3998,19.671
3998,245,19.671
246,247,16.622
247,246,16.622
247,5742,17.922
5742,247,17.922
248,249,29.497999999999998
249,248,29.497999999999998
248,251,35.244
251,248,35.244
248,252,30.631999999999998
252,248,30.631999999999998
248,250,21.451
250,248,21.451
249,251,31.131999999999998
251,249,31.131999999999998
249,252,26.52
252,249,26.52
249,253,18.899
253,249,18.899
250,4087,10.889
4087,250,10.889
251,4089,34.012
4089,251,34.012
251,252,32.266
252,251,32.266
252,7779,22.173000000000002
7779,252,22.173000000000002
253,5836,25.113
5836,253,25.113
254,255,18.609
255,254,18.609
254,256,30.666
256,254,30.666
255,5182,17.371000000000002
5182,255,17.371000000000002
256,4002,30.189999999999998
4002,256,30.189999999999998
257,258,27.418
258,257,27.418
257,261,28.484
261,257,28.484
257,262,27.349
262,257,27.349
257,259,16.861
259,257,16.861
258,261,29.874000000000002
261,258,29.874000000000002
258,262,28.739
262,258,28.739
258,260,19.343
260,258,19.343
259,5604,21.040000000000003
5604,259,21.040000000000003
260,4083,16.945
4083,260,16.945
261,5603,20.415
5603,261,20.415
261,262,29.805
262,261,29.805
262,6400,20.853
6400,262,20.853
263,265,74.37885376380294
265,263,74.37885376380294
263,266,38.17123095231816
266,263,38.17123095231816
263,264,44.48823095231816
264,263,44.48823095231816
264,5778,20.547
5778,264,20.547
265,7384,49.28262281148477
7384,265,49.28262281148477
265,266,57.70162281148477
266,265,57.70162281148477
266,7386,76.057
7386,266,76.057
267,4737,67.90073701714417
4737,267,67.90073701714417
268,269,20.716
269,268,20.716
268,270,18.85
270,268,18.85
268,272,28.775
272,268,28.775
268,271,12.601
271,268,12.601
269,8030,15.243
8030,269,15.243
269,270,20.806
270,269,20.806
269,272,30.731
272,269,30.731
270,4276,10.96
4276,270,10.96
270,272,28.865000000000002
272,270,28.865000000000002
271,5537,10.804
5537,271,10.804
272,5545,35.882
5545,272,35.882
273,274,38.278999999999996
274,273,38.278999999999996
273,276,26.445999999999998
276,273,26.445999999999998
273,275,15.289000000000001
275,273,15.289000000000001
274,276,42.265
276,274,42.265
274,277,33.54
277,274,33.54
275,7270,21.389
7270,275,21.389
276,6665,18.945999999999998
6665,276,18.945999999999998
277,4710,21.80687033410389
4710,277,21.80687033410389
278,280,45.385999999999996
280,278,45.385999999999996
278,279,36.304
279,278,36.304
279,7409,11.875
7409,279,11.875
280,4234,24.467
4234,280,24.467
281,283,20.012
283,281,20.012
281,285,29.111
285,281,29.111
281,286,25.408
286,281,25.408
281,282,15.124
282,281,15.124
282,7642,6.824999999999999
7642,282,6.824999999999999
283,284,13.513
284,283,13.513
283,7409,13.762
7409,283,13.762
283,285,25.047
285,283,25.047
283,286,21.344
286,283,21.344
284,7409,11.327
7409,284,11.327
284,7410,10.498999999999999
7410,284,10.498999999999999
285,7856,35.17174871551946
7856,285,35.17174871551946
285,286,30.442999999999998
286,285,30.442999999999998
286,7616,17.808
7616,286,17.808
287,5716,23.284
5716,287,23.284
288,289,57.229
289,288,57.229
289,290,47.138
290,289,47.138
289,291,114.384
291,289,114.384
289,293,46.523
293,289,46.523
290,291,82.224
291,290,82.224
290,293,14.363
293,290,14.363
290,292,49.208999999999996
292,290,49.208999999999996
291,293,81.609
293,291,81.609
291,294,80.049
294,291,80.049
291,295,85.261
295,291,85.261
291,298,82.278
298,291,82.278
292,5715,56.644
5715,292,56.644
293,6659,17.793
6659,293,17.793
294,295,15.84
295,294,15.84
294,298,12.857
298,294,12.857
294,296,34.979
296,294,34.979
295,298,18.069
298,295,18.069
295,297,35.588
297,295,35.588
296,6716,33.010999999999996
6716,296,33.010999999999996
297,6719,38.465
6719,297,38.465
298,6668,53.315
6668,298,53.315
299,301,45.92897679751952
301,299,45.92897679751952
299,302,26.439584729497604
302,299,26.439584729497604
299,300,26.243584729497606
300,299,26.243584729497606
300,306,18.453
306,300,18.453
301,6795,55.58439206802191
6795,301,55.58439206802191
301,302,36.59939206802191
302,301,36.59939206802191
302,7408,11.296
7408,302,11.296
303,304,24.308
304,303,24.308
303,306,24.826999999999998
306,303,24.826999999999998
303,305,50.10174785394233
305,303,50.10174785394233
304,7615,12.107
7615,304,12.107
304,306,19.668999999999997
306,304,19.668999999999997
305,310,47.17374785394233
310,305,47.17374785394233
307,310,33.748999999999995
310,307,33.748999999999995
307,311,29.636
311,307,29.636
307,308,30.527
308,307,30.527
307,309,36.578
309,307,36.578
308,309,23.217
309,308,23.217
308,1427,11.199
1427,308,11.199
309,1428,17.849
1428,309,17.849
310,311,19.497
311,310,19.497
311,7407,26.612000000000002
7407,311,26.612000000000002
312,314,13.711
314,312,13.711
312,315,32.607
315,312,32.607
312,313,35.177
313,312,35.177
313,6717,51.193
6717,313,51.193
314,315,43.47
315,314,43.47
315,5714,34.158
5714,315,34.158
316,6719,22.659
6719,316,22.659
317,318,34.31528069678678
318,317,34.31528069678678
317,319,55.435280696786776
319,317,55.435280696786776
317,5012,42.97634122393279
5012,317,42.97634122393279
318,6711,9.96
6711,318,9.96
318,319,38.67
319,318,38.67
319,320,46.38230628386019
320,319,46.38230628386019
320,321,23.955306283860192
321,320,23.955306283860192
321,6687,15.243
6687,321,15.243
322,323,29.222535090169103
323,322,29.222535090169103
322,324,17.511
324,322,17.511
322,326,15.727
326,322,15.727
322,325,14.457999999999998
325,322,14.457999999999998
323,324,29.373535090169103
324,323,29.373535090169103
323,326,27.589535090169104
326,323,27.589535090169104
323,327,51.12910772107934
327,323,51.12910772107934
324,326,15.878
326,324,15.878
324,328,24.86282838634175
328,324,24.86282838634175
325,7612,15.928
7612,325,15.928
326,6688,21.187
6688,326,21.187
327,7853,51.463572630910235
7853,327,51.463572630910235
328,6691,52.31782838634175
6691,328,52.31782838634175
329,331,25.781760129575865
331,329,25.781760129575865
329,330,23.569596250075584
330,329,23.569596250075584
330,4749,19.512596250075582
4749,330,19.512596250075582
331,3972,38.45331333510839
3972,331,38.45331333510839
332,333,21.418
333,332,21.418
332,334,34.0
334,332,34.0
332,335,17.659
335,332,17.659
333,334,33.076
334,333,33.076
333,336,15.533
336,333,15.533
334,342,46.143
342,334,46.143
335,6707,44.483
6707,335,44.483
336,5850,41.13719731636439
5850,336,41.13719731636439
337,339,40.96
339,337,40.96
337,338,7.542
338,337,7.542
338,6708,6.742
6708,338,6.742
339,6707,75.008
6707,339,75.008
340,341,60.69799999999999
341,340,60.69799999999999
340,344,33.455
344,340,33.455
340,342,32.218
342,340,32.218
341,344,76.345
344,341,76.345
341,343,63.87
343,341,63.87
343,2602,21.172
2602,343,21.172
343,2603,39.284
2603,343,39.284
344,5849,40.120999999999995
5849,344,40.120999999999995
345,348,24.739
348,345,24.739
345,349,26.368000000000002
349,345,26.368000000000002
345,346,22.544
346,345,22.544
345,347,28.006999999999998
347,345,28.006999999999998
346,347,20.591
347,346,20.591
346,5519,25.059
5519,346,25.059
347,8240,19.538
8240,347,19.538
348,5852,28.427
5852,348,28.427
348,349,21.147
349,348,21.147
349,7481,25.439
7481,349,25.439
350,351,75.619
351,350,75.619
350,352,61.542
352,350,61.542
350,354,60.589
354,350,60.589
350,353,48.46
353,350,48.46
351,352,46.873000000000005
352,351,46.873000000000005
351,354,45.92
354,351,45.92
351,355,41.75
355,351,41.75
352,5046,37.555
5046,352,37.555
352,354,31.843
354,352,31.843
353,385,35.464000000000006
385,353,35.464000000000006
353,384,37.370000000000005
384,353,37.370000000000005
354,5518,37.772999999999996
5518,354,37.772999999999996
355,5204,51.79
5204,355,51.79
356,357,9.184000000000001
357,356,9.184000000000001
356,358,9.097999999999999
358,356,9.097999999999999
356,359,31.20933471727087
359,356,31.20933471727087
357,358,14.548
358,357,14.548
357,360,11.349
360,357,11.349
358,4458,18.069
4458,358,18.069
359,5012,46.778395244416885
5012,359,46.778395244416885
360,4882,48.06100000000001
4882,360,48.06100000000001
361,362,103.173
362,361,103.173
361,365,95.447
365,361,95.447
361,363,100.449
363,361,100.449
362,365,31.198
365,362,31.198
362,364,40.614000000000004
364,362,40.614000000000004
363,7404,86.938
7404,363,86.938
364,4219,40.579
4219,364,40.579
365,6689,18.576
6689,365,18.576
366,367,31.01248843222725
367,366,31.01248843222725
366,368,31.172488432227247
368,366,31.172488432227247
366,369,27.04348843222725
369,366,27.04348843222725
367,7449,25.36
7449,367,25.36
367,368,24.548000000000002
368,367,24.548000000000002
368,4225,17.102999999999998
4225,368,17.102999999999998
369,6202,23.241
6202,369,23.241
370,371,6.218
371,370,6.218
370,372,5.862
372,370,5.862
371,373,4.375
373,371,4.375
372,6731,5.384
6731,372,5.384
373,6725,2.909
6725,373,2.909
374,375,12.945
375,374,12.945
374,378,32.18
378,374,32.18
374,376,19.66
376,374,19.66
375,378,35.931
378,375,35.931
375,377,45.054261292724405
377,375,45.054261292724405
376,6709,28.59438241535184
6709,376,28.59438241535184
377,7240,90.33326129272442
7240,377,90.33326129272442
378,380,72.745
380,378,72.745
379,380,47.455
380,379,47.455
379,382,16.958
382,379,16.958
379,381,39.207
381,379,39.207
380,382,59.827
382,380,59.827
381,7403,44.391000000000005
7403,381,44.391000000000005
382,6727,19.570999999999998
6727,382,19.570999999999998
383,7403,36.716
7403,383,36.716
384,386,49.839
386,384,49.839
384,385,66.202
385,384,66.202
385,4481,41.959
4481,385,41.959
386,4956,39.643
4956,386,39.643
387,388,20.547
388,387,20.547
387,389,16.798000000000002
389,387,16.798000000000002
387,391,16.95
391,387,16.95
387,390,13.543
390,387,13.543
388,389,22.823
389,388,22.823
388,391,22.975
391,388,22.975
388,392,34.575
392,388,34.575
388,5224,27.502
5224,388,27.502
389,4954,13.919
4954,389,13.919
389,391,19.226
391,389,19.226
390,5230,7.824
5230,390,7.824
391,3052,21.384
3052,391,21.384
392,5224,35.505
5224,392,35.505
392,5225,26.949
5225,392,26.949
393,394,43.79657141730013
394,393,43.79657141730013
393,397,189.88228256982876
397,393,189.88228256982876
393,395,10.475000000000001
395,393,10.475000000000001
394,397,214.7068539871289
397,394,214.7068539871289
394,396,63.45857141730012
396,394,63.45857141730012
395,7516,36.285
7516,395,36.285
396,8075,47.196
8075,396,47.196
398,399,4.38
399,398,4.38
399,8087,4.599
8087,399,4.599
400,401,26.709
401,400,26.709
400,402,30.164
402,400,30.164
400,405,29.363
405,400,29.363
400,406,28.925
406,400,28.925
400,403,16.243
403,400,16.243
401,402,28.378999999999998
402,401,28.378999999999998
401,405,27.578
405,401,27.578
401,406,27.14
406,401,27.14
401,404,14.975999999999999
404,401,14.975999999999999
402,405,31.033
405,402,31.033
402,406,30.595
406,402,30.595
402,407,18.09
407,402,18.09
403,5684,25.812417835933555
5684,403,25.812417835933555
404,7558,44.23507518960204
7558,404,44.23507518960204
405,5334,16.965
5334,405,16.965
405,406,29.794
406,405,29.794
406,7978,17.868000000000002
7978,406,17.868000000000002
407,8089,37.1672647676976
8089,407,37.1672647676976
408,409,585.2226497576402
409,408,585.2226497576402
408,410,45.46827870862473
410,408,45.46827870862473
410,7978,38.14327870862473
7978,410,38.14327870862473
411,412,15.517999999999999
412,411,15.517999999999999
411,414,9.933
414,411,9.933
411,413,11.190999999999999
413,411,11.190999999999999
412,7347,30.46413087791054
7347,412,30.46413087791054
412,414,13.879
414,412,13.879
413,5341,14.574680934152958
5341,413,14.574680934152958
414,5685,22.256
5685,414,22.256
415,417,37.69300727039311
417,415,37.69300727039311
415,416,21.506357983113954
416,415,21.506357983113954
416,5003,60.28990957509636
5003,416,60.28990957509636
417,7413,61.93544928927311
7413,417,61.93544928927311
418,419,12.792
419,418,12.792
418,420,11.861
420,418,11.861
418,422,21.668825173080435
422,418,21.668825173080435
418,425,10.031
425,418,10.031
418,421,270.2215324979452
421,418,270.2215324979452
419,420,12.471
420,419,12.471
419,422,22.278825173080435
422,419,22.278825173080435
419,425,10.641
425,419,10.641
419,423,9.522
423,419,9.522
420,422,21.347825173080434
422,420,21.347825173080434
420,425,9.709999999999999
425,420,9.709999999999999
420,424,241.26809316176468
424,420,241.26809316176468
422,4485,18.440825173080434
4485,422,18.440825173080434
422,425,19.517825173080436
425,422,19.517825173080436
425,5756,5.895
5756,425,5.895
426,427,15.017000000000001
427,426,15.017000000000001
426,429,2.069
429,426,2.069
426,430,16.497
430,426,16.497
427,429,15.338000000000001
429,427,15.338000000000001
427,431,30.439
431,427,30.439
428,429,4.441
429,428,4.441
428,7577,5.763999999999999
7577,428,5.763999999999999
428,7576,7.2170000000000005
7576,428,7.2170000000000005
429,7577,3.713
7577,429,3.713
430,7878,19.633
7878,430,19.633
431,5394,51.102
5394,431,51.102
432,433,85.3906652997477
433,432,85.3906652997477
432,435,24.987000000000002
435,432,24.987000000000002
432,437,28.028
437,432,28.028
432,434,19.736
434,432,19.736
433,435,84.2156652997477
435,433,84.2156652997477
433,437,87.2566652997477
437,433,87.2566652997477
433,436,77.4206652997477
436,433,77.4206652997477
434,3915,12.370000000000001
3915,434,12.370000000000001
435,5746,18.657
5746,435,18.657
435,437,26.853
437,435,26.853
436,3896,16.921
3896,436,16.921
437,8220,20.874
8220,437,20.874
438,440,25.168
440,438,25.168
438,441,27.66
441,438,27.66
438,439,51.091
439,438,51.091
439,4663,49.345
4663,439,49.345
440,7559,28.531999999999996
7559,440,28.531999999999996
440,441,26.116
441,440,26.116
441,5494,25.103
5494,441,25.103
442,444,12.737
444,442,12.737
442,445,19.978
445,442,19.978
442,443,13.33
443,442,13.33
443,5817,123.87100000000001
5817,443,123.87100000000001
444,5388,8.56
5388,444,8.56
444,445,18.451
445,444,18.451
445,3897,16.481
3897,445,16.481
446,447,25.978
447,446,25.978
446,450,26.594
450,446,26.594
446,448,21.298000000000002
448,446,21.298000000000002
447,450,22.078
450,447,22.078
447,449,32.976
449,447,32.976
448,3930,12.967
3930,448,12.967
449,7484,28.101
7484,449,28.101
450,4663,22.957
4663,450,22.957
451,453,148.57361462787685
453,451,148.57361462787685
451,452,104.58898502171932
452,451,104.58898502171932
452,7582,25.60652283835034
7582,452,25.60652283835034
453,4665,66.86615244450786
4665,453,66.86615244450786
454,3889,68.7121735820724
3889,454,68.7121735820724
454,455,74.2831735820724
455,454,74.2831735820724
455,8005,86.7312825727141
8005,455,86.7312825727141
456,457,26.217
457,456,26.217
456,458,26.239
458,456,26.239
456,460,22.498
460,456,22.498
456,459,15.968
459,456,15.968
457,458,25.798000000000002
458,457,25.798000000000002
457,460,22.057000000000002
460,457,22.057000000000002
457,461,15.57
461,457,15.57
458,460,22.079
460,458,22.079
458,462,15.561
462,458,15.561
459,3879,9.946
3879,459,9.946
460,4896,11.681000000000001
4896,460,11.681000000000001
461,4127,48.924
4127,461,48.924
462,7588,5.316
7588,462,5.316
463,464,46.239999999999995
464,463,46.239999999999995
463,465,28.604
465,463,28.604
463,7980,32.994
7980,463,32.994
464,4892,77.67099999999999
4892,464,77.67099999999999
464,465,29.252
465,464,29.252
465,7982,9.609
7982,465,9.609
466,468,57.394933249402904
468,466,57.394933249402904
466,467,13.927
467,466,13.927
467,469,14.707
469,467,14.707
468,7979,58.86293324940291
7979,468,58.86293324940291
470,471,33.76822374955226
471,470,33.76822374955226
470,472,30.030223749552263
472,470,30.030223749552263
470,473,48.471223749552266
473,470,48.471223749552266
471,5598,22.782
5598,471,22.782
471,472,25.744
472,471,25.744
472,7865,23.314
7865,472,23.314
473,5601,127.32086764837159
5601,473,127.32086764837159
474,475,30.764000000000003
475,474,30.764000000000003
474,477,21.191000000000003
477,474,21.191000000000003
474,476,29.274
476,474,29.274
475,5811,19.264
5811,475,19.264
475,477,18.261
477,475,18.261
476,4817,31.714585613388962
4817,476,31.714585613388962
478,480,27.951610153859644
480,478,27.951610153859644
478,479,13.445999999999998
479,478,13.445999999999998
479,5597,28.544999999999998
5597,479,28.544999999999998
480,5600,26.464610153859645
5600,480,26.464610153859645
481,483,9.024000000000001
483,481,9.024000000000001
481,482,8.621
482,481,8.621
482,5844,11.332
5844,482,11.332
483,5846,160.8026930165806
5846,483,160.8026930165806
484,486,21.243599086513846
486,484,21.243599086513846
484,485,23.77459908651385
485,484,23.77459908651385
485,5845,10.99
5845,485,10.99
486,6389,7.171
6389,486,7.171
487,6391,71.971
6391,487,71.971
487,488,9.759
488,487,9.759
488,6387,8.151
6387,488,8.151
489,490,29.832
490,489,29.832
489,493,30.747
493,489,30.747
489,491,48.789
491,489,48.789
490,493,26.945
493,490,26.945
490,492,27.588533104088665
492,490,27.588533104088665
491,5589,39.199
5589,491,39.199
491,5590,37.352000000000004
5590,491,37.352000000000004
492,497,35.30753310408866
497,492,35.30753310408866
492,498,31.046533104088663
498,492,31.046533104088663
492,500,21.397533104088666
500,492,21.397533104088666
493,3921,17.016
3921,493,17.016
494,496,28.416
496,494,28.416
494,495,45.78959727803816
495,494,45.78959727803816
495,3920,52.90021551893486
3920,495,52.90021551893486
496,5601,107.82186764837158
5601,496,107.82186764837158
497,498,37.207
498,497,37.207
497,500,27.558
500,497,27.558
497,499,32.407000000000004
499,497,32.407000000000004
498,500,23.296999999999997
500,498,23.296999999999997
498,501,39.572
501,498,39.572
499,5123,33.028
5123,499,33.028
500,5595,14.132
5595,500,14.132
501,5127,42.449
5127,501,42.449
501,5126,31.559
5126,501,31.559
502,503,28.868000000000002
503,502,28.868000000000002
502,504,14.419
504,502,14.419
502,505,14.204
505,502,14.204
503,4829,29.866999999999997
4829,503,29.866999999999997
503,504,21.463
504,503,21.463
504,7692,6.0920000000000005
7692,504,6.0920000000000005
505,5062,7.909
5062,505,7.909
506,507,19.765
507,506,19.765
506,512,23.591
512,506,23.591
506,513,18.746
513,506,18.746
506,508,23.305999999999997
508,506,23.305999999999997
506,509,22.259
509,506,22.259
506,5094,20.261
5094,506,20.261
507,512,20.008
512,507,20.008
507,513,15.163
513,507,15.163
507,510,19.665999999999997
510,507,19.665999999999997
508,509,22.217
509,508,22.217
508,5094,20.219
5094,508,20.219
508,3911,23.21
3911,508,23.21
508,3912,23.176000000000002
3912,508,23.176000000000002
508,5057,20.121000000000002
5057,508,20.121000000000002
509,5094,19.172
5094,509,19.172
509,5077,24.295
5077,509,24.295
510,4124,24.731
4124,510,24.731
511,512,20.233
512,511,20.233
511,3910,20.775
3910,511,20.775
511,3912,19.86
3912,511,19.86
511,3909,26.6
3909,511,26.6
512,3910,24.375999999999998
3910,512,24.375999999999998
512,3912,23.461
3912,512,23.461
512,513,18.989
513,512,18.989
513,5097,10.804
5097,513,10.804
514,516,14.501000000000001
516,514,14.501000000000001
514,515,18.031
515,514,18.031
515,3908,21.399
3908,515,21.399
516,4128,11.952
4128,516,11.952
517,519,17.636
519,517,17.636
517,518,16.749000000000002
518,517,16.749000000000002
518,5102,35.215
5102,518,35.215
519,3907,20.906
3907,519,20.906
520,522,30.865000000000002
522,520,30.865000000000002
520,521,36.386
521,520,36.386
521,3924,19.068
3924,521,19.068
522,4450,19.459000000000003
4450,522,19.459000000000003
523,524,52.653999999999996
524,523,52.653999999999996
523,525,14.38
525,523,14.38
523,526,12.959
526,523,12.959
523,528,11.016
528,523,11.016
524,525,55.598
525,524,55.598
524,526,54.177
526,524,54.177
524,529,73.407
529,524,73.407
525,4524,11.413
4524,525,11.413
525,526,15.903
526,525,15.903
526,527,15.857
527,526,15.857
526,4703,13.013
4703,526,13.013
526,4705,14.58
4705,526,14.58
527,4703,14.388
4703,527,14.388
527,4705,15.955
4705,527,15.955
527,4706,23.288
4706,527,23.288
528,4704,11.536000000000001
4704,528,11.536000000000001
528,4705,12.637
4705,528,12.637
528,5256,9.878
5256,528,9.878
529,3922,44.25
3922,529,44.25
530,533,41.678
533,530,41.678
530,531,29.078
531,530,29.078
531,5481,10.732
5481,531,10.732
532,533,23.05
533,532,23.05
532,3923,29.363
3923,532,29.363
532,5457,12.547
5457,532,12.547
533,3923,36.881
3923,533,36.881
534,536,42.009
536,534,42.009
534,537,37.81
537,534,37.81
534,535,39.385000000000005
535,534,39.385000000000005
535,7717,55.215
7717,535,55.215
536,7718,30.894
7718,536,30.894
536,537,22.701
537,536,22.701
537,7875,20.448
7875,537,20.448
538,539,18.935
539,538,18.935
538,541,13.577000000000002
541,538,13.577000000000002
538,545,15.245000000000001
545,538,15.245000000000001
538,540,9.435
540,538,9.435
539,541,22.272
541,539,22.272
539,545,23.939999999999998
545,539,23.939999999999998
539,542,19.89
542,539,19.89
539,543,21.46
543,539,21.46
539,5436,22.788
5436,539,22.788
540,2203,12.164000000000001
2203,540,12.164000000000001
541,549,12.518
549,541,12.518
541,545,18.582
545,541,18.582
542,543,13.719999999999999
543,542,13.719999999999999
542,5436,15.048000000000002
5436,542,15.048000000000002
542,5471,8.172
5471,542,8.172
543,5436,16.618000000000002
5436,543,16.618000000000002
543,544,12.465
544,543,12.465
543,545,17.77
545,543,17.77
543,5481,15.693
5481,543,15.693
544,545,14.945
545,544,14.945
544,5481,12.868
5481,544,12.868
544,5452,7.291
5452,544,7.291
545,5481,18.173000000000002
5481,545,18.173000000000002
546,547,47.991
547,546,47.991
546,549,25.854
549,546,25.854
547,548,39.104
548,547,39.104
547,5485,45.536
5485,547,45.536
548,5485,32.244
5485,548,32.244
548,5203,41.998
5203,548,41.998
550,552,39.502
552,550,39.502
550,551,127.38420104096232
551,550,127.38420104096232
551,4023,118.16120104096231
4023,551,118.16120104096231
551,4683,107.46220104096231
4683,551,107.46220104096231
552,5932,27.16
5932,552,27.16
553,554,42.501
554,553,42.501
553,556,98.83500000000001
556,553,98.83500000000001
553,555,52.593
555,553,52.593
554,7279,7.768
7279,554,7.768
554,556,66.062
556,554,66.062
555,4197,71.97516892423509
4197,555,71.97516892423509
556,7278,78.351
7278,556,78.351
557,558,11.678
558,557,11.678
557,560,20.506
560,557,20.506
557,559,12.33
559,557,12.33
557,7946,10.607
7946,557,10.607
558,560,20.266000000000002
560,558,20.266000000000002
558,561,9.963000000000001
561,558,9.963000000000001
559,7946,11.019
7946,559,11.019
559,5727,77.34899999999999
5727,559,77.34899999999999
560,4198,28.479
4198,560,28.479
561,7280,8.742
7280,561,8.742
562,563,44.864999999999995
563,562,44.864999999999995
562,564,14.548
564,562,14.548
562,567,90.27799999999999
567,562,90.27799999999999
562,565,79.039
565,562,79.039
563,564,43.367
564,563,43.367
563,567,119.097
567,563,119.097
563,566,66.206
566,563,66.206
564,567,88.78
567,564,88.78
564,568,8.799
568,564,8.799
565,5820,117.08800000000001
5820,565,117.08800000000001
566,611,43.986000000000004
611,566,43.986000000000004
567,571,92.911
571,567,92.911
567,5732,88.08699999999999
5732,567,88.08699999999999
568,569,70.69500000000001
569,568,70.69500000000001
570,571,12.658000000000001
571,570,12.658000000000001
570,573,10.8
573,570,10.8
570,572,8.415
572,570,8.415
571,573,19.454
573,571,19.454
571,5732,16.488
5732,571,16.488
572,6527,22.178
6527,572,22.178
573,597,36.08572774220763
597,573,36.08572774220763
574,575,72.206
575,574,72.206
574,576,122.445
576,574,122.445
574,577,68.931
577,574,68.931
575,7354,11.376999999999999
7354,575,11.376999999999999
575,576,60.973
576,575,60.973
576,578,87.295
578,576,87.295
577,4724,6.522
4724,577,6.522
578,579,37.432
579,578,37.432
578,580,63.542
580,578,63.542
579,6528,8.036000000000001
6528,579,8.036000000000001
579,580,37.596000000000004
580,579,37.596000000000004
580,4179,49.635000000000005
4179,580,49.635000000000005
581,583,28.591
583,581,28.591
581,582,13.030999999999999
582,581,13.030999999999999
582,3969,12.875
3969,582,12.875
583,4723,34.053
4723,583,34.053
584,585,116.051
585,584,116.051
584,588,45.434999999999995
588,584,45.434999999999995
584,586,10.46
586,584,10.46
585,588,145.192
588,585,145.192
585,587,127.198
587,585,127.198
586,7285,22.137999999999998
7285,586,22.137999999999998
587,5287,39.851
5287,587,39.851
588,7847,41.510999999999996
7847,588,41.510999999999996
589,591,15.935
591,589,15.935
589,590,53.309
590,589,53.309
590,6526,70.05624658881231
6526,590,70.05624658881231
591,7285,32.94
7285,591,32.94
592,593,8.188
593,592,8.188
592,594,7.551
594,592,7.551
593,6525,9.77
6525,593,9.77
594,6524,112.544
6524,594,112.544
595,596,45.098
596,595,45.098
595,598,77.303
598,595,77.303
595,597,64.15872774220763
597,595,64.15872774220763
596,6524,116.846
6524,596,116.846
596,598,48.659000000000006
598,596,48.659000000000006
598,599,46.779
599,598,46.779
598,600,45.507000000000005
600,598,45.507000000000005
599,8101,63.314
8101,599,63.314
599,600,11.422
600,599,11.422
600,7972,6.652
7972,600,6.652
601,602,16.22
602,601,16.22
601,603,11.303
603,601,11.303
601,604,19.475
604,601,19.475
601,605,7.809
605,601,7.809
602,603,13.415
603,602,13.415
602,604,21.587
604,602,21.587
602,606,53.084999999999994
606,602,53.084999999999994
